35477763
24487276
33098801
31256877
32528171
33597769
33060286
29044468
34859529
31928709
37041148
30371827
36747006
36658419
31216405
34041744
32346159
34006472
35395208
27577878
34645491
34059824
34906470
35346573
31308072
38412861
38669183
33941880
37421948
34185153
34321323
29477734
33909992
32094481
27640307
36228617
37167966
32144835
34113008
35148959
32826208
38041679
38311799
38950322
37963460
36724785
37057675
28973083
30580482
37721175
33963192
28138143
32424177
35851598
39107278
35868801
38328047
33098347
31397880
35678782
35231119
35286293
30655598
24507773
26166479
39148819
36264506
38714869
26924765
37422718
38481935
29582554
33847017
35393337
36799992
36408368
37041138
37808736
39502942
33105479
34369642
34220947
34245260
34054129
27374771
38544359
31463572
34749429
35191117
37071997
31714901
36965478
37662408
34667308
37923733
33279834
37194416
33861953
30588482
34329649
34407837
35698786
33434492
36896612
35948990
37090188
34505148
35973806
30167849
31601675
32581083
33298948
34702355
25824869
34129815
36480544
34415322
32603605
33276377
36480001
32516568
32376980
35266241
29632381
36920481
34322716
29377152
35169139
33448156
36739343
33890986
28008864
36442147
37179546
35102031
35875410
28813618
28686854
38868186
39209426
38051289
34315806
36401616
24511134
33372375
37188825
29322508
37463579
36706243
36996813
34038740
31501153
29276006
32042920
34779586
32052405
32969205
29226947
33977145
36013198
30982611
36345943
30982135
34494102
37230770
37721535
34267211
30735661
29343805
36860143
30755602
35627139
32220291
26515822
36760094
33665635
36342963
25873013
37921537
37133451
35605965
28475856
34405553
35657736
32929111
33508234
35321494
37090938
32331917
32576985
34135477
33048444
28699299
36214804
26813943
28422808
30192941
30620337
26063662
26578203
31081514
31373179
30317461
29152331
30349862
33443317
37083955
37520055
34748697
28266639
33533916
38082334
26197705
35481623
36878902
32905580
31186545
23610049
29959197
28602422
25356532
37214979
36798371
33879837
29397575
34585832
32005800
33492714
35847480
33169436
33639934
36178856
32935419
30307510
31227654
34385670
30029624
31782611
33615071
32014858
34906496
31491408
34677006
27071622
29971487
30770808
30208423
30057029
27821020
33442685
32799327
30661772
27626066
30809044
29851191
34170319
36865175
35190366
32381727
35605046
30412272
32420688
38064009
31119192
31447100
30032983
34022130
33968937
39715634
26695873
39711705
26177964
33743206
31395899
27980096
28295036
31447096
30664616
32413283
30129428
37425688
28777933
33568546
28905881
26621581
26667017
27915290
30120215
30032240
26880286
26788535
32901138
28272539
31583969
34413497
36035248
31041397
29921608
35348658
35298850
30665704
33710394
29100085
31048081
29266598
28400947
36158166
36896486
29694889
28944577
32238493
34015270
31303265
35534204
17469173
33616813
27681385
28932961
27058611
22628075
31053783
34740920
25575569
31495489
26718575
33783941
32681043
28419360
31474762
26264460
35141985
35436645
25105228
29130490
28817112
25105227
32699352
32843486
27016271
31127640
30072743
29534211
28807008
30224647
27703147
32395830
30038786
32141698
29232904
34010604
34521872
29105242
30945312
31660661
30060766
27159028
30872814
27469900
33912852
27745833
30117111
38585796
37429925
28742282
33368972
26522471
34587489
30088852
32176465
33260061
30755616
27312886
33772158
36692708
32820033
24343288
26878725
39813120
32448721
31309540
30622101
31888956
34087166
30911954
31769566
30395363
32605089
27862604
32439764
37595059
31042289
27590285
35430327
32974768
32748548
27229527
27545680
33103729
27606499
35571680
27480077
29436111
26238661
28856833
28748635
30532227
33011761
25854283
31575891
29910097
24975944
29560417
26273056
31024060
26575419
32376988
33066778
30951678
29805042
30298423
28018608
34046462
33392853
24845082
29748569
27817865
30719430
30664714
32963807
30895940
28984202
31520839
39502664
30012837
28625504
30401460
27745832
31401562
28504827
28216230
28884921
30032986
26160856
31627256
31014393
27325525
31774634
35234901
30563316
26656649
27108799
28334874
32862205
30771411
29611532
28603521
33242826
27343026
28878612
32655138
34095032
26934379
29149851
31010896
27530454
28631899
28544784
32282878
30471716
28299356
24218363
23561849
30525125
28328136
32022462
29122926
28092684
28239602
31498126
27632689
27925158
31270959
26691440
39135055
27463701
27476653
22914216
31230720
30345904
30430034
30450527
24953221
23914949
30636772
30249361
28251352
31417880
31585109
22996348
27222811
32934225
32656927
29790871
26607152
30554721
23610051
1346338
33544954
32954863
35332675
30961659
29706646
38405995
36477409
31892366
31422819
31407851
31101064
37126418
35083626
33763778
37005340
34728537
33894126
33980485
33473207
30561119
29068549
28205584
34702736
33363283
35149239
31292255
27066750
24385578
33202260
27466190
26777256
24942156
29483232
29452377
32719112
32413184
27799067
30639323
35344616
32730690
29805043
26963285
34758059
33596411
29656859
35032432
32439809
31079899
36306325
35243564
31794024
35532742
31732614
30240502
1347910
37181331
33876776
35811283
31834374
27325607
26096313
25278557
31630787
35450748
32484799
32450157
29566152
28327206
34101091
35676568
34344887
22556370
36598158
31630790
24138066
39553991
34761517
29089047
34611657
38908378
38570875
33585817
29100095
30979967
27616480
35579625
37253099
27466187
38091523
34315005
32584792
35980381
35716026
24482543
26931382
34473915
29403011
28808027
30811542
30067075
33314030
25997753
25439724
30046887
29255178
28017373
37751738
37043503
31994743
31646703
32461654
37124138
32286009
27159400
29093066
36799557
35196516
35094443
30778173
31395954
31239556
34161264
33325057
32389449
30420557
34822298
34046589
29351342
34163037
25472942
22541558
38168184
33544838
33523862
32870266
34950897
35962790
35322404
32233023
28132692
33583022
35469323
24778108
34582790
32988995
30158690
29618029
33644933
31448840
38953222
28777491
34859531
32293671
29985992
35537081
31752325
38057443
32558070
30701273
23261301
39421685
33200460
30511478
27666822
26092869
34587386
33857290
34338422
31444901
36795492
32202298
32197074
27708273
35790351
33075013
24753205
23768514
22892954
32453716
38041217
29625025
29524275
27229898
24791902
34772415
35338243
31549486
26489029
36414417
35178554
34345025
36396199
32251286
32097630
29671837
29300383
27907889
27375115
26838787
26805784
25683120
24726473
23273567
38522068
38356149
28334956
35047859
35751429
34816580
34120153
31402629
30622330
30157172
29632024
34652067
29100092
32369272
31417602
31342617
26378787
38978649
36669109
36376065
31897643
32396742
39072769
38260295
35734998
34186028
29100083
31361404
31235381
30655312
30167850
29127259
33320377
33037779
27912058
36074901
36067766
30311379
33131181
31079897
35274497
33724365
27939641
23541344
31310593
28332277
26854927
34426522
37931111
36112114
36399134
27040692
26942290
26121085
25917818
25898808
24614073
38405817
38177409
37157980
31471994
29696776
23917280
33863876
36945405
32681751
30504930
28414520
24403048
22865616
34605855
30170123
29907612
34269900
26010630
37711075
36368327
29656860
31668702
33734437
32538895
31668703
38429495
36271811
33458610
31558842
37577678
33299146
32404165
30503522
37875108
32207811
24360806
31389106
30414627
32097629
38496501
35934918
35312124
35258551
29394990
37457373
29689197
35341651
27120335
31279534
28742085
23143600
38716726
34089229
35227688
27386852
26544804
36757831
36303224
33658631
30819258
29243290
28375157
28165339
33797191
29696747
32954677
32647003
38451290
36171426
33593823
23862974
31395617
27158779
30639322
38662826
37020259
35090163
35768521
32959437
35670811
34264265
38685113
32788587
29474918
36993580
35869884
28626029
32260281
29106398
31018026
38429302
32004445
31264976
35030251
31601707
31001663
27773428
32764743
32764695
39030733
30740813
34906515
25521378
32719394
33904890
37873196
30178464
30100084
36528028
35077597
38260438
37663545
31474318
30806792
31009165
25140959
23166519
34876591
34970070
37467750
33729549
36736301
35043109
30337375
27666371
25065914
38153174
37714437
33951726
32888393
31818324
36571463
35576468
33762578
38465576
35294868
33824466
30107533
39095936
37595579
34413140
25607374
32709676
31616000
29727687
34172899
32780866
30143558
28823706
33791682
28191685
27259050
25491636
37769878
36283405
27486776
27256581
31328417
24387994
32865517
31735666
34906488
30827684
26739615
31924696
27602404
33758859
37486637
34003604
33649541
33188300
35484142
34519148
36622818
30401457
36754049
33150406
32707087
30060175
26736064
38585811
33268356
29100090
30767786
30303587
23541340
35948005
31692161
36318270
39743596
36515678
33531666
32972996
31586943
32631816
33232676
35708626
32972995
29706351
26077881
34954817
37054711
36413997
30498240
34309902
26905694
32103185
34587765
36477361
34216551
36074124
29691892
39314366
31794073
28424332
36942736
22147673
34524739
34450031
26965164
33964184
35471564
30578352
34791078
33220177
32891193
32461613
36635388
27236917
39033378
34599609
33602924
39442041
31206972
29995854
34800363
30450842
26167768
30827496
32161841
36538032
35442418
34413139
39763565
32776697
30609406
30079490
38991538
37947183
25957469
30257206
28121514
31527857
38565148
31585108
38645094
38297832
37808847
34355505
24568568
39174524
38990107
31636325
38848546
30773277
29186148
31557132
28067909
23910461
31723249
31230195
33818783
31215115
29679388
34429372
33851338
29738522
34009544
25575548
30019117
39575633
39023559
38838312
38626355