31981491
35982160
36055201
30901550
35333364
28759029
35357919
28286336
30104762
32913098
31002795
34431999
35922509
38838669
37141313
37653029
34127525
29022597
27959714
33632895
35357935
33057201
33147445
31957018
34050336
31406327
35347128
37604963
32668112
34312540
35525246
27959697
31365877
38547246
37506195
37474567
36038634
32913074
37712257
32553272
37784136
32913072
36055244
37673700
36792666
32479201
38519481
31747936
35241127
32461652
37115922
39384761
39354197
37961520
29656146
32423639
38253929
38219820
38546643
33864768
37291107
33288905
35583889
34127860
34930391
35822882
39363051
33762433
31218349
38909018
28456354
31608925
38181730
37369202
35999139
36644891
36575487
36561179
36088682
34980216
34037690
37140344
35132260
34386196
36182793
28059951
33347570
37066281
36307226
33414550
37231098
34717047
29696776
37777527
32615397
35680869
36843304
33758277
34950897
35679801
34652961
34587793
34256850
37386250
30638744
37802634
29713083
31241152
33399819
35613520
38036856
29161423
35290762
29123647
36865150
36974069
35720974
32636372
34253730
36111505
34626535
28666119
28031184
31668702
32706368
30355262
33772221
33998241
33760063
38168980
33798444
32001654
32973469
34083788
33122304
36444719
33811084
36670361
35144074
34743536
34016747
31494671
36180068
36013271
35253479
32640929
35178073
31661016
32913073
32864809
33159825
38087948
35131909
37929326
34741098
34301805
30107533
33522245
31551911
34504351
32382064
35293992
28436466
31225876
32862661
30824707
35786744
32619960
32517581
36043428
32725632
35258170
37081138
33958743
39668204
37348055
35314505
38989470
34288049
33053295
33644933
30637984
34521442
39606421
34750571
32470373
36568030
37461547
28369037
35995843
33932343
32954261
35032048
28814792
35033200
30355194
35119614
28385496
36481753
34471188
36215801
32935419
28965761
31133750
32392208
32066871
34621504
37365340
36791419
33686438
36778406
31327507
26749308
37163057
33665635
29330011
33350384
35347136
33600772
32767738
35254917
32762905
38699304
34914532
39677473
35087184
32913075
33046696
29509491
31856913
32568404
30279509
30520198
35861404
30586722
35845434
30982610
32820175
32013076
32227657
38129960
32912332
30504930
30111345
37425716
34387403
39149455
28508493
33789087
33574314
33310085
32957805
35869121
29021289
34544830
33284643
31367044
31895618
32459537
38467730
36303224
34571366
36739943
30624610
34561697
34425859
39802803
38001974
35530816
39829327
32164899
32460305
36215124
30127527
38153174
35591888
31238829
31860442
30906589
29954844
34099068
31340158
29739332
32282858
31601707
33880488
38418970
28771472
30849328
35652341
29144510
29578408
33372952
32145261
32469399
30586733
28289003
39399040
32511326
32917697
28288115
28288114
35183128
39553991
35357561
34446064
28089252
28910620
36372681
35822943
31553721
32347951
32327564
34214102
34553764
39627187
28223407
29264654
29691411
40017563
39574859
31549875
32843070